v=[(0.2553732395,0.354947418,-0.7690501809)(-0.6796076298,0.354947418,-0.4652564824)(-0.6796076298,0.354947418,0.5178405046)(0.2553730905,0.354947418,0.821634233)(0.8332229853,0.354947418,0.02629207261)(-0.00304919132,0.81718117,0.02629207261)(-0.2614715993,-0.3878888786,-0.7690501809)(0.6735092402,-0.3878888786,-0.4652564824)(0.6735092402,-0.3878888786,0.5178405046)(-0.2614714801,-0.3878888786,0.821634233)(-0.8393213749,-0.3878888786,0.02629208937)(-0.003049195046,-0.8501226306,0.02629208937)]
t=[(0.4062859118,0.9735095501)(0.118994303,0.9778069258)(0.2654012144,0.7858092785)(0.03403197974,0.7167700529)(0.2688141763,0.551142931)(0.4988798201,0.7098167539)(0.3876515925,0.2798339427)(0.5223673582,0.7179192305)(0.6149399877,0.9888748527)(0.7458241582,0.7869684696)(0.8883900046,0.9808030128)(0.964818716,0.7048585415)(0.7386043668,0.5423874855)(0.2716880441,0.02305627242)(0.3595329821,0.3045738935)(0.1557243913,0.2798339427)(0.1737162471,0.5186569095)(0.6336683035,0.02213281393)(0.7495027781,0.2786248624)(0.5886778831,0.5157769322)(0.03976078331,0.02305627242)(0.9670280218,0.3074536324)(0.870105505,0.5178740621)(0.6856005192,0.3053562641)(0.4571854174,0.51650846)(0.5178336501,0.2786248624)(0.5036152601,0.02305627242)(0.07606375217,0.3067222238)(0.8653373718,0.02213281393)(0.9811720848,0.2786248624)]
n=[(0.2716813385,0.4764914811,-0.8361489773)(-0.7112708688,0.4764914513,-0.5167685151)(1.658466786e-008,0.9999999404,0)(-0.7112709284,0.4764914215,0.5167685151)(0.2716812789,0.4764914215,0.8361490965)(0.8791791201,0.4764913619,5.667427416e-008)(-0.2716813385,-0.4764914811,-0.8361489773)(0.7112708688,-0.4764914513,-0.5167685151)(-8.292333931e-009,-0.9999999404,8.292333931e-009)(0.7112709284,-0.4764913619,0.5167685151)(-0.2716812193,-0.4764913321,0.8361490965)(-0.8791791201,-0.4764913917,5.667427416e-008)]
f=[{(0,0,0)(1,1,1)(5,2,2)}{(1,1,1)(2,3,3)(5,2,2)}{(2,3,3)(3,4,4)(5,2,2)}{(3,4,4)(4,5,5)(5,2,2)}{(4,5,5)(0,0,0)(5,2,2)}{(6,7,6)(7,8,7)(11,9,8)}{(7,8,7)(8,10,9)(11,9,8)}{(8,10,9)(9,11,10)(11,9,8)}{(9,11,10)(10,12,11)(11,9,8)}{(10,12,11)(6,7,6)(11,9,8)}{(2,6,3)(10,13,11)(9,26,10)}{(2,6,3)(1,15,1)(10,13,11)}{(2,27,3)(9,14,10)(3,16,4)}{(3,16,4)(9,14,10)(8,24,9)}{(3,25,4)(8,17,9)(4,18,5)}{(8,17,9)(7,28,7)(4,18,5)}{(0,29,0)(4,18,5)(7,28,7)}{(7,19,7)(6,23,6)(0,22,0)}{(1,21,1)(0,22,0)(6,23,6)}{(1,15,1)(6,20,6)(10,13,11)}]
