v=[(1.364721537,2.43832016,-4.109825134)(-3.63184166,2.43832016,-2.486343384)(-3.631841898,2.43832016,2.767353773)(1.364720821,2.43832016,4.390835762)(4.452766418,2.43832016,0.1405055523)(-0.0162949618,4.908510208,0.1405055523)(-1.397311449,-1.53141737,-4.109825134)(3.599251747,-1.53141737,-2.486343384)(3.599251986,-1.53141737,2.767353773)(-1.397310734,-1.53141737,4.390835762)(-4.485356331,-1.53141737,0.1405056417)(-0.01629498228,-4.001606941,0.1405056417)]
t=[(0.4062859118,0.9735095501)(0.118994303,0.9778069258)(0.2654012144,0.7858092785)(0.03403197974,0.7167700529)(0.2688141763,0.551142931)(0.4988798201,0.7098167539)(0.3876515925,0.2798339427)(0.5223673582,0.7179192305)(0.6149399877,0.9888748527)(0.7458241582,0.7869684696)(0.8883900046,0.9808030128)(0.964818716,0.7048585415)(0.7386043668,0.5423874855)(0.2716880441,0.02305627242)(0.3595329821,0.3045738935)(0.1557243913,0.2798339427)(0.1737162471,0.5186569095)(0.6336683035,0.02213281393)(0.7495027781,0.2786248624)(0.5886778831,0.5157769322)(0.03976078331,0.02305627242)(0.9670280218,0.3074536324)(0.870105505,0.5178740621)(0.6856005192,0.3053562641)(0.4571854174,0.51650846)(0.5178336501,0.2786248624)(0.5036152601,0.02305627242)(0.07606375217,0.3067222238)(0.8653373718,0.02213281393)(0.9811720848,0.2786248624)]
n=[(0.2716813385,0.4764914215,-0.8361490965)(-0.7112708688,0.4764914215,-0.5167685151)(0,1,-9.291579062e-009)(-0.7112709284,0.4764913917,0.5167685151)(0.2716813087,0.4764914215,0.8361490369)(0.8791791201,0.4764915109,7.408758051e-008)(-0.2716813385,-0.4764914215,-0.8361490369)(0.7112708092,-0.4764915109,-0.5167686343)(9.291576397e-009,-0.9999999404,-2.787473008e-008)(0.7112709284,-0.4764914215,0.5167685151)(-0.2716813087,-0.4764914811,0.8361490965)(-0.8791791201,-0.4764914811,4.233576334e-008)]
f=[{(0,0,0)(1,1,1)(5,2,2)}{(1,1,1)(2,3,3)(5,2,2)}{(2,3,3)(3,4,4)(5,2,2)}{(3,4,4)(4,5,5)(5,2,2)}{(4,5,5)(0,0,0)(5,2,2)}{(6,7,6)(7,8,7)(11,9,8)}{(7,8,7)(8,10,9)(11,9,8)}{(8,10,9)(9,11,10)(11,9,8)}{(9,11,10)(10,12,11)(11,9,8)}{(10,12,11)(6,7,6)(11,9,8)}{(2,6,3)(10,13,11)(9,26,10)}{(2,6,3)(1,15,1)(10,13,11)}{(2,27,3)(9,14,10)(3,16,4)}{(3,16,4)(9,14,10)(8,24,9)}{(3,25,4)(8,17,9)(4,18,5)}{(8,17,9)(7,28,7)(4,18,5)}{(0,29,0)(4,18,5)(7,28,7)}{(7,19,7)(6,23,6)(0,22,0)}{(1,21,1)(0,22,0)(6,23,6)}{(1,15,1)(6,20,6)(10,13,11)}]
