v=[(1.364721537,2.43832016,-4.109825134)(-3.63184166,2.43832016,-2.486343384)(-3.631841898,2.43832016,2.767353773)(1.364720821,2.43832016,4.390835762)(4.452766418,2.43832016,0.1405055523)(-0.0162949618,4.908510208,0.1405055523)(-1.397311449,-1.53141737,-4.109825134)(3.599251747,-1.53141737,-2.486343384)(3.599251986,-1.53141737,2.767353773)(-1.397310734,-1.53141737,4.390835762)(-4.485356331,-1.53141737,0.1405056417)(-0.01629498228,-4.001606941,0.1405056417)]
t=[(0.25,0.5)(0.349999994,0.5)(0.4499999881,0.5)(0.5500000119,0.5)(0.6500000358,0.5)(0.7500000596,0.5)(0.5,1)(0.2360679805,0.304522723)(0.9999999404,0.304522723)(0.618033886,0)(0,2.311292207e-007)(0.8705907464,0)(1,0.8609188199)(0.1294092536,0)(0.9999999404,0)(0,0.8609191179)(0.4999999106,0.4304594696)]
n=[(0.2716813385,0.4764914215,-0.8361490965)(-0.7112708688,0.4764914215,-0.5167685151)(0,1,-9.291579062e-009)(-0.7112709284,0.4764913917,0.5167685151)(0.2716813087,0.4764914215,0.8361490369)(0.8791791201,0.4764915109,7.408758051e-008)(-0.2716813385,-0.4764914215,-0.8361490369)(0.7112708092,-0.4764915109,-0.5167686343)(9.291576397e-009,-0.9999999404,-2.787473008e-008)(0.7112709284,-0.4764914215,0.5167685151)(-0.2716813087,-0.4764914811,0.8361490965)(-0.8791791201,-0.4764914811,4.233576334e-008)]
f=[{(0,0,0)(1,1,1)(5,6,2)}{(1,1,1)(2,2,3)(5,6,2)}{(2,2,3)(3,3,4)(5,6,2)}{(3,3,4)(4,4,5)(5,6,2)}{(4,4,5)(0,5,0)(5,6,2)}{(6,0,6)(7,1,7)(11,6,8)}{(7,1,7)(8,2,9)(11,6,8)}{(8,2,9)(9,3,10)(11,6,8)}{(9,3,10)(10,4,11)(11,6,8)}{(10,4,11)(6,5,6)(11,6,8)}{(2,7,3)(10,9,11)(9,10,10)}{(2,7,3)(1,8,1)(10,9,11)}{(2,10,3)(9,11,10)(3,12,4)}{(3,13,4)(9,14,10)(8,15,9)}{(3,10,4)(8,11,9)(4,12,5)}{(8,10,9)(7,14,7)(4,16,5)}{(0,10,0)(4,14,5)(7,16,7)}{(7,10,7)(6,14,6)(0,16,0)}{(1,10,1)(0,14,0)(6,16,6)}{(1,13,1)(6,14,6)(10,15,11)}]
